# Rhino

mtllib Bastion.mtl
g Layer_01
o Platforms
usemtl diffuse_255_255_255_255
v 0.16277762644039317 3.6475538192064723 -0.96195954675315931
v 0.16277762644039317 3.7970931765062876 -0.96195954675315931
v -0.6679847652536357 3.6475538192064723 -0.96196538247082075
v -0.6679847652536357 3.7970931765062876 -0.96196538247082075
v -0.66798787763638834 3.6475538192064723 -0.4106500917976042
v -0.66798787763638834 3.7970931765062876 -0.4106500917976042
v 0.16277451405764048 3.6475538192064723 -0.41064425607994259
v 0.16277451405764048 3.7970931765062876 -0.41064425607994259
v -0.77400393388563704 4.1296401209429305 0.32365378750939783
v -0.77400393388563704 4.2860715904836653 0.32365378750939783
v -0.77400393388563704 4.1296401209429305 -0.54540984570637352
v -0.77400393388563704 4.2860715904836653 -0.54540984570637352
v -1.3325355433365549 4.1296401209429305 -0.54540984570637352
v -1.3325355433365549 4.2860715904836653 -0.54540984570637352
v -1.3325355433365549 4.1296401209429305 0.32365378750939783
v -1.3325355433365549 4.2860715904836653 0.32365378750939783
v 0.21618507701829928 3.3062714538435007 0.49573055673562977
v 0.21618507701829928 3.4563059393662532 0.49573055673562977
v -0.50924494517118957 3.3062714538435007 0.085225038153561986
v -0.50924494517118957 3.4563059393662532 0.085225038153561986
v -0.78436816845261137 3.3062714538435007 0.57141177448427249
v -0.78436816845261137 3.4563059393662532 0.57141177448427249
v -0.058938146263122548 3.3062714538435007 0.98191716338372559
v -0.058938146263122548 3.4563059393662532 0.98191716338372559
v 1.0641527205700567 2.8484853398151277 -0.40114688495094286
v 1.0641527205700567 2.9980246971149289 -0.40114688495094286
v 0.64001276092607662 2.8484853398151277 -1.1154800144313719
v 0.64001276092607662 2.9980246971149289 -1.1154800144313719
v 0.16596366891838915 2.8484853398151277 -0.83401014019676656
v 0.16596366891838915 2.9980246971149289 -0.83401014019676656
v 0.59010259110145125 2.8484853398151277 -0.1196769945060107
v 0.59010259110145125 2.9980246971149289 -0.1196769945060107
v 0.58099472170570832 2.5166438688024617 0.56548631645331404
v 0.58099472170570832 2.661632922517605 0.56548631645331404
v 1.0622873658401846 2.5166438688024617 0.84780549834192875
v 1.0622873658401846 2.661632922517605 0.84780549834192875
v 1.4698352130287464 2.5166438688024617 0.15302440594585362
v 1.4698352130287464 2.661632922517605 0.15302440594585362
v 0.98854360635518845 2.5166438688024617 -0.12929477594276112
v 0.98854360635518845 2.661632922517605 -0.12929477594276112
vt 0 0
vt 1 0
vt 0 1
vt 0 0.55971181392669678
vt 1 0.55971181392669678
vt 0.69945162534713745 0.55971235036849976
vt 0.30054837465286255 0
vt 0.30054837465286255 0
vt 0.30054837465286255 1
vt 0.30054837465286255 0.55971181392669678
vt 0.30054837465286255 0.55971181392669678
vt 1 0.55971235036849976
vt 0.5 0
vt 0.5 0
vt 0.30054837465286255 0.55971235036849976
vt 0.5 0.55971181392669678
vt 0.5 0.55971181392669678
vt 1 1
vt 0.80054837465286255 0
vt 0.80054837465286255 0
vt 0 0.55971235036849976
vt 0.80054837465286255 0.55971181392669678
vt 0.80054837465286255 0.55971181392669678
vt 0.69945162534713745 1
vt 0 0
vt 1 0
vt 0 1
vt 0 0.56141775846481323
vt 1 0.56141775846481323
vt 0.69561994075775146 0.56141829490661621
vt 0.30438005924224854 0
vt 0.30438005924224854 0
vt 0.30438005924224854 1
vt 0.30438005924224854 0.56141775846481323
vt 0.30438005924224854 0.56141775846481323
vt 1 0.56141829490661621
vt 0.5 0
vt 0.5 0
vt 0.30438005924224854 0.56141829490661621
vt 0.5 0.56141775846481323
vt 0.5 0.56141775846481323
vt 1 1
vt 0.80438005924224854 0
vt 0.80438005924224854 0
vt 0 0.56141829490661621
vt 0.80438005924224854 0.56141775846481323
vt 0.80438005924224854 0.56141775846481323
vt 0.69561994075775146 1
vt 0 0
vt 1 0
vt 0 1
vt 0 0.55919432640075684
vt 1 0.55919432640075684
vt 0.70063561201095581 0.55919486284255981
vt 0.29936438798904419 0
vt 0.29936438798904419 0
vt 0.29936438798904419 1
vt 0.29936438798904419 0.55919432640075684
vt 0.29936438798904419 0.55919432640075684
vt 1 0.55919486284255981
vt 0.5 0
vt 0.5 0
vt 0.29936438798904419 0.55919486284255981
vt 0.5 0.55919432640075684
vt 0.5 0.55919432640075684
vt 1 1
vt 0.79936438798904419 0
vt 0.79936438798904419 0
vt 0 0.55919486284255981
vt 0.79936438798904419 0.55919432640075684
vt 0.79936438798904419 0.55919432640075684
vt 0.70063561201095581 1
vt 0 0
vt 1 0
vt 0 1
vt 0 0.55971181392669678
vt 1 0.55971181392669678
vt 0.69945162534713745 0.55971235036849976
vt 0.30054837465286255 0
vt 0.30054837465286255 0
vt 0.30054837465286255 1
vt 0.30054837465286255 0.55971181392669678
vt 0.30054837465286255 0.55971181392669678
vt 1 0.55971235036849976
vt 0.5 0
vt 0.5 0
vt 0.30054837465286255 0.55971235036849976
vt 0.5 0.55971181392669678
vt 0.5 0.55971181392669678
vt 1 1
vt 0.80054837465286255 0
vt 0.80054837465286255 0
vt 0 0.55971235036849976
vt 0.80054837465286255 0.55971181392669678
vt 0.80054837465286255 0.55971181392669678
vt 0.69945162534713745 1
vt 0 0
vt 1 0
vt 0.29538169503211975 1
vt 0 0.55749136209487915
vt 1 0.55749136209487915
vt 1 0.55749189853668213
vt 0.20461830496788025 0
vt 0.20461830496788025 0
vt 0.29538169503211975 0.55749189853668213
vt 0.20461830496788025 0.55749136209487915
vt 0.20461830496788025 0.55749136209487915
vt 1 1
vt 0.5 0
vt 0.5 0
vt 0 0.55749189853668213
vt 0.5 0.55749136209487915
vt 0.5 0.55749136209487915
vt 0.70461833477020264 1
vt 0.70461833477020264 0
vt 0.70461833477020264 0
vt 0 1
vt 0.70461833477020264 0.55749136209487915
vt 0.70461833477020264 0.55749136209487915
vt 0.70461833477020264 0.55749189853668213
vn 7.0110145315993577E-06 0 -1
vn 1 0 7.0110145315993577E-06
vn 0 -1 0
vn 7.0110145315993577E-06 0 -1
vn 1 0 7.0110145315993577E-06
vn 0 1 0
vn 7.0110145315993577E-06 0 -1
vn -1 0 -7.0110145315993577E-06
vn 0 -1 0
vn 7.0110145315993577E-06 0 -1
vn -1 0 -7.0110145315993577E-06
vn 0 1 0
vn -1 0 -7.0110145315993577E-06
vn -7.0110145315993577E-06 0 1
vn 0 -1 0
vn -1 0 -7.0110145315993577E-06
vn -7.0110145315993577E-06 0 1
vn 0 1 0
vn -7.0110145315993577E-06 0 1
vn 1 0 7.0110145315993577E-06
vn 0 -1 0
vn -7.0110145315993577E-06 0 1
vn 1 0 7.0110145315993577E-06
vn 0 1 0
vn 1 0 0
vn 0 0 1
vn 0 -1 0
vn 1 0 0
vn 0 0 1
vn 0 1 0
vn 1 0 0
vn 0 0 -1
vn 0 -1 0
vn 1 0 0
vn 0 0 -1
vn 0 1 0
vn 0 0 -1
vn -1 0 0
vn 0 -1 0
vn 0 0 -1
vn -1 0 0
vn 0 1 0
vn -1 0 0
vn 0 0 1
vn 0 -1 0
vn -1 0 0
vn 0 0 1
vn 0 1 0
vn 0.49249371886253357 0 -0.87031596899032593
vn 0.87031596899032593 0 0.49249371886253357
vn 0 -1 0
vn 0.49249371886253357 0 -0.87031596899032593
vn 0.87031596899032593 0 0.49249371886253357
vn 0 1 0
vn 0.49249371886253357 0 -0.87031596899032593
vn -0.87031596899032593 0 -0.49249371886253357
vn 0 -1 0
vn 0.49249371886253357 0 -0.87031596899032593
vn -0.87031596899032593 0 -0.49249371886253357
vn 0 1 0
vn -0.87031596899032593 0 -0.49249371886253357
vn -0.49249371886253357 0 0.87031596899032593
vn 0 -1 0
vn -0.87031596899032593 0 -0.49249371886253357
vn -0.49249371886253357 0 0.87031596899032593
vn 0 1 0
vn -0.49249371886253357 0 0.87031596899032593
vn 0.87031596899032593 0 0.49249371886253357
vn 0 -1 0
vn -0.49249371886253357 0 0.87031596899032593
vn 0.87031596899032593 0 0.49249371886253357
vn 0 1 0
vn 0.85985249280929565 0 -0.51054251194000244
vn 0.51054251194000244 0 0.85985249280929565
vn 0 -1 0
vn 0.85985249280929565 0 -0.51054251194000244
vn 0.51054251194000244 0 0.85985249280929565
vn 0 1 0
vn 0.85985249280929565 0 -0.51054251194000244
vn -0.51054251194000244 0 -0.85985249280929565
vn 0 -1 0
vn 0.85985249280929565 0 -0.51054251194000244
vn -0.51054251194000244 0 -0.85985249280929565
vn 0 1 0
vn -0.51054251194000244 0 -0.85985249280929565
vn -0.85985249280929565 0 0.51054251194000244
vn 0 -1 0
vn -0.51054251194000244 0 -0.85985249280929565
vn -0.85985249280929565 0 0.51054251194000244
vn 0 1 0
vn -0.85985249280929565 0 0.51054251194000244
vn 0.51054251194000244 0 0.85985249280929565
vn 0 -1 0
vn -0.85985249280929565 0 0.51054251194000244
vn 0.51054251194000244 0 0.85985249280929565
vn 0 1 0
vn -0.50596266984939575 0 0.86255538463592529
vn -0.86255538463592529 0 -0.50596266984939575
vn 0 -1 0
vn -0.50596266984939575 0 0.86255538463592529
vn -0.86255538463592529 0 -0.50596266984939575
vn 0 1 0
vn -0.50596266984939575 0 0.86255538463592529
vn 0.86255538463592529 0 0.50596266984939575
vn 0 -1 0
vn -0.50596266984939575 0 0.86255538463592529
vn 0.86255538463592529 0 0.50596266984939575
vn 0 1 0
vn 0.86255538463592529 0 0.50596266984939575
vn 0.50596266984939575 0 -0.86255538463592529
vn 0 -1 0
vn 0.86255538463592529 0 0.50596266984939575
vn 0.50596266984939575 0 -0.86255538463592529
vn 0 1 0
vn 0.50596266984939575 0 -0.86255538463592529
vn -0.86255538463592529 0 -0.50596266984939575
vn 0 -1 0
vn 0.50596266984939575 0 -0.86255538463592529
vn -0.86255538463592529 0 -0.50596266984939575
vn 0 1 0
f 1/1/1 3/7/7 4/10/10 2/4/4
f 3/8/8 5/13/13 6/16/16 4/11/11
f 5/14/14 7/19/19 8/22/22 6/17/17
f 7/20/20 1/2/2 2/5/5 8/23/23
f 3/9/9 1/3/3 7/21/21
f 7/21/21 5/15/15 3/9/9
f 4/12/12 8/24/24 2/6/6
f 8/24/24 4/12/12 6/18/18
f 9/25/25 11/31/31 12/34/34 10/28/28
f 11/32/32 13/37/37 14/40/40 12/35/35
f 13/38/38 15/43/43 16/46/46 14/41/41
f 15/44/44 9/26/26 10/29/29 16/47/47
f 11/33/33 9/27/27 15/45/45
f 15/45/45 13/39/39 11/33/33
f 12/36/36 16/48/48 10/30/30
f 16/48/48 12/36/36 14/42/42
f 17/49/49 19/55/55 20/58/58 18/52/52
f 19/56/56 21/61/61 22/64/64 20/59/59
f 21/62/62 23/67/67 24/70/70 22/65/65
f 23/68/68 17/50/50 18/53/53 24/71/71
f 19/57/57 17/51/51 23/69/69
f 23/69/69 21/63/63 19/57/57
f 20/60/60 24/72/72 18/54/54
f 24/72/72 20/60/60 22/66/66
f 25/73/73 27/79/79 28/82/82 26/76/76
f 27/80/80 29/85/85 30/88/88 28/83/83
f 29/86/86 31/91/91 32/94/94 30/89/89
f 31/92/92 25/74/74 26/77/77 32/95/95
f 27/81/81 25/75/75 31/93/93
f 31/93/93 29/87/87 27/81/81
f 28/84/84 32/96/96 26/78/78
f 32/96/96 28/84/84 30/90/90
f 33/97/97 35/103/103 36/106/106 34/100/100
f 35/104/104 37/109/109 38/112/112 36/107/107
f 37/110/110 39/115/115 40/118/118 38/113/113
f 39/116/116 33/98/98 34/101/101 40/119/119
f 35/105/105 33/99/99 39/117/117
f 39/117/117 37/111/111 35/105/105
f 36/108/108 40/120/120 34/102/102
f 40/120/120 36/108/108 38/114/114
o Pillars
usemtl diffuse_0_0_0_255
v -0.59576503585661578 0.04212125453756288 -0.0071653954515742595
v -0.5290013134253333 0.04212125453756288 0.10394498295100826
v -0.59576503585661578 0.085164324655551571 -0.0071653954515742595
v -0.5290013134253333 0.085164324655551571 0.10394498295100826
v -0.39940377051869425 0.04212125453756288 0.10394627977715527
v -0.39940377051869425 0.085164324655551571 0.10394627977715527
v -0.33264212300924706 0.04212125453756288 -0.0071625424340508396
v -0.33264212300924706 0.085164324655551571 -0.0071625424340508396
v -0.39940584544052954 0.04212125453756288 -0.11827292083663334
v -0.39940584544052954 0.085164324655551571 -0.11827292083663334
v -0.52900338834716853 0.04212125453756288 -0.11827434734539512
v -0.52900338834716853 0.085164324655551571 -0.11827434734539512
v -0.20304146771985532 0.04212125453756288 -0.45160664969667508
v -0.13627774528857314 0.04212125453756288 -0.56271696325795018
v -0.20304146771985532 0.085164324655551571 -0.45160664969667508
v -0.13627774528857314 0.085164324655551571 -0.56271696325795018
v -0.0066802023819341055 0.04212125453756288 -0.56271832492540452
v -0.0066802023819341055 0.085164324655551571 -0.56271832492540452
v 0.060081445127513053 0.04212125453756288 -0.45160943787289121
v 0.060081445127513053 0.085164324655551571 -0.45160943787289121
v -0.0066822773037694266 0.04212125453756288 -0.34049912431161594
v -0.0066822773037694266 0.085164324655551571 -0.34049912431161594
v -0.13628085767132583 0.04212125453756288 -0.34049776264416154
v -0.13628085767132583 0.085164324655551571 -0.34049776264416154
v -0.39940377051869425 0.04212125453756288 -0.34049490962663814
v -0.33264004808741204 0.04212125453756288 -0.45160522318791324
v -0.39940377051869425 0.085164324655551571 -0.34049490962663814
v -0.33264004808741204 0.085164324655551571 -0.45160522318791324
v -0.20304458010260829 0.04212125453756288 -0.22938738424157901
v -0.20304458010260829 0.085164324655551571 -0.22938738424157901
v -0.33264212300924706 0.04212125453756288 -0.2293860225741246
v -0.33264212300924706 0.085164324655551571 -0.2293860225741246
v -0.59576503585661578 0.04212125453756288 -0.22938316955660118
v -0.5290013134253333 0.04212125453756288 -0.34049348311787642
v -0.59576503585661578 0.085164324655551571 -0.22938316955660118
v -0.5290013134253333 0.085164324655551571 -0.34049348311787642
v -0.39940584544052954 0.04212125453756288 -0.11827564417154211
v -0.39940584544052954 0.085164324655551571 -0.11827564417154211
v 0.060083520049348096 0.04212125453756288 -0.67382870332798706
v 0.060083520049348096 0.085164324655551571 -0.67382870332798706
v 0.18968106295598713 0.04212125453756288 -0.67383006499544129
v 0.18968106295598713 0.085164324655551571 -0.67383006499544129
v 0.25644271046543454 0.04212125453756288 -0.56272117794292797
v 0.25644271046543454 0.085164324655551571 -0.56272117794292797
v 0.18967898803415179 0.04212125453756288 -0.45161086438165277
v 0.18967898803415179 0.085164324655551571 -0.45161086438165277
v 0.38604025337207359 0.04212125453756288 -0.56272260445168965
v 0.38604025337207359 0.085164324655551571 -0.56272260445168965
v 0.45280190088152045 0.04212125453756288 -0.45161371739917616
v 0.45280190088152045 0.085164324655551571 -0.45161371739917616
v 0.38603817845023825 0.04212125453756288 -0.34050340383790106
v 0.38603817845023825 0.085164324655551571 -0.34050340383790106
v 0.25644063554359925 0.04212125453756288 -0.34050197732913934
v 0.25644063554359925 0.085164324655551571 -0.34050197732913934
v -0.20304146771985532 0.04212125453756288 0.43725601735347697
v -0.13627774528857314 0.04212125453756288 0.54836639575605961
v -0.20304146771985532 0.085164324655551571 0.43725601735347697
v -0.13627774528857314 0.085164324655551571 0.54836639575605961
v -0.0066802023819341055 0.04212125453756288 0.54836782226482128
v -0.0066802023819341055 0.085164324655551571 0.54836782226482128
v 0.060081445127513053 0.04212125453756288 0.43725887037100053
v 0.060081445127513053 0.085164324655551571 0.43725887037100053
v -0.0066822773037694266 0.04212125453756288 0.32614862165103264
v -0.0066822773037694266 0.085164324655551571 0.32614862165103264
v -0.13628085767132583 0.04212125453756288 0.32614719514227092
v -0.13628085767132583 0.085164324655551571 0.32614719514227092
v -0.39940377051869425 0.04212125453756288 0.32614434212474752
v -0.33264004808741204 0.04212125453756288 0.43725472052733005
v -0.39940377051869425 0.085164324655551571 0.32614434212474752
v -0.33264004808741204 0.085164324655551571 0.43725472052733005
v -0.20304458010260829 0.04212125453756288 0.21503681673968839
v -0.20304458010260829 0.085164324655551571 0.21503681673968839
v -0.33264212300924706 0.04212125453756288 0.21503551991354136
v -0.33264212300924706 0.085164324655551571 0.21503551991354136
v -0.59576503585661578 0.04212125453756288 0.21503266689601794
v -0.5290013134253333 0.04212125453756288 0.3261429156159858
v -0.59576503585661578 0.085164324655551571 0.21503266689601794
v -0.5290013134253333 0.085164324655551571 0.3261429156159858
v -0.39940584544052954 0.04212125453756288 0.10392514151095886
v -0.39940584544052954 0.085164324655551571 0.10392514151095886
v -0.52900338834716853 0.04212125453756288 0.10392371500219715
v -0.52900338834716853 0.085164324655551571 0.10392371500219715
v 0.060083520049348096 0.04212125453756288 0.65947807098478928
v 0.060083520049348096 0.085164324655551571 0.65947807098478928
v 0.18968106295598713 0.04212125453756288 0.65947949749355095
v 0.18968106295598713 0.085164324655551571 0.65947949749355095
v 0.25644271046543454 0.04212125453756288 0.54837067528234473
v 0.25644271046543454 0.085164324655551571 0.54837067528234473
v 0.18967898803415179 0.04212125453756288 0.43726029687976214
v 0.18967898803415179 0.085164324655551571 0.43726029687976214
v 0.38604025337207359 0.04212125453756288 0.54837197210849176
v 0.38604025337207359 0.085164324655551571 0.54837197210849176
v 0.45280190088152045 0.04212125453756288 0.43726314989728554
v 0.45280190088152045 0.085164324655551571 0.43726314989728554
v 0.38603817845023825 0.04212125453756288 0.32615277149470312
v 0.38603817845023825 0.085164324655551571 0.32615277149470312
v 0.25644063554359925 0.04212125453756288 0.3261514746685561
v 0.25644063554359925 0.085164324655551571 0.3261514746685561
v 0.38602987876289702 0.04212125453756288 -0.34050483034666279
v 0.45279360119417922 0.04212125453756288 -0.22939451678538755
v 0.38602987876289702 0.085164324655551571 -0.34050483034666279
v 0.45279360119417922 0.085164324655551571 -0.22939451678538755
v 0.58239218156173589 0.04212125453756288 -0.22939309027662583
v 0.58239218156173589 0.085164324655551571 -0.22939309027662583
v 0.64915279161026573 0.04212125453756288 -0.34050197732913934
v 0.64915279161026573 0.085164324655551571 -0.34050197732913934
v 0.58238906917898348 0.04212125453756288 -0.4516122908904146
v 0.58238906917898348 0.085164324655551571 -0.4516122908904146
v 0.45279152627234442 0.04212125453756288 -0.45161371739917616
v 0.45279152627234442 0.085164324655551571 -0.45161371739917616
v 0.38603299114564998 0.04212125453756288 -0.11828562973287415
v 0.45279671357693219 0.04212125453756288 -0.0071752513302915906
v 0.38603299114564998 0.085164324655551571 -0.11828562973287415
v 0.45279671357693219 0.085164324655551571 -0.0071752513302915906
v 0.58239425648357113 0.04212125453756288 -0.0071738248215298802
v 0.58239425648357113 0.085164324655551571 -0.0071738248215298802
v 0.64915590399301859 0.04212125453756288 -0.11828277671535073
v 0.64915590399301859 0.085164324655551571 -0.11828277671535073
v 0.38603506606748528 0.04212125453756288 0.10393357088091448
v 0.45279878849876748 0.04212125453756288 0.21504394928349702
v 0.38603506606748528 0.085164324655551571 0.10393357088091448
v 0.45279878849876748 0.085164324655551571 0.21504394928349702
v 0.58239736886632421 0.04212125453756288 0.21504537579225874
v 0.58239736886632421 0.085164324655551571 0.21504537579225874
v 0.64915797891485338 0.04212125453756288 0.10393642389843794
v 0.64915797891485338 0.085164324655551571 0.10393642389843794
v 0.58239944378815944 0.04212125453756288 0.43726457640604738
v 0.58239944378815944 0.085164324655551571 0.43726457640604738
v 0.64916109129760646 0.04212125453756288 0.32615562451222652
v 0.64916109129760646 0.085164324655551571 0.32615562451222652
v -1.3144453373161011 0.085164324655551571 0.10391528563224153
v -1.184847794409462 0.085164324655551571 0.10391671214100325
v -1.3812090597473834 0.085164324655551571 -0.0071950927703410272
v -1.3144474122379362 0.085164324655551571 -0.1183039149815471
v -1.1848498693312972 0.085164324655551571 -0.11830248847278539
v -1.1180861469000147 0.085164324655551571 -0.0071922397528176073
v -1.3144453373161011 0.430368288234519 0.10391528563224153
v -1.3812090597473834 0.430368288234519 -0.0071950927703410272
v -1.184847794409462 0.430368288234519 0.10391671214100325
v -1.1180861469000147 0.430368288234519 -0.0071922397528176073
v -1.1848498693312972 0.430368288234519 -0.11830248847278539
v -1.3144474122379362 0.430368288234519 -0.1183039149815471
v -1.3812111346692186 0.085164324655551571 -0.22941429338412966
v -1.3144505246206888 0.085164324655551571 -0.34052318043664304
v -1.1848519442531322 0.085164324655551571 -0.34052175392788137
v -1.1180882218218502 0.085164324655551571 -0.22941144036660624
v -1.3812111346692186 0.430368288234519 -0.22941429338412966
v -1.1180882218218502 0.430368288234519 -0.22941144036660624
v -1.1848519442531322 0.430368288234519 -0.34052175392788137
v -1.3144505246206888 0.430368288234519 -0.34052318043664304
v -0.98849067891521125 0.085164324655551571 -0.22941001385784454
v -1.1180913342046028 0.085164324655551571 -0.4516306409803949
v -0.98849379129796389 0.085164324655551571 -0.4516292793129405
v -0.92173006886668163 0.085164324655551571 -0.34051890091035791
v -0.98849067891521125 0.430368288234519 -0.22941001385784454
v -0.92173006886668163 0.430368288234519 -0.34051890091035791
v -0.98849379129796389 0.430368288234519 -0.4516292793129405
v -1.1180913342046028 0.430368288234519 -0.4516306409803949
v -0.98848860399337579 0.085164324655551571 -0.0071908132440558978
v -0.92172695648392877 0.085164324655551571 -0.11829976513787668
v -0.98848860399337579 0.430368288234519 -0.0071908132440558978
v -0.92172695648392877 0.430368288234519 -0.11829976513787668
v -0.79212941357728983 0.085164324655551571 -0.1182983386291149
v -0.79213148849912507 0.085164324655551571 -0.34051753924290351
v -0.72536776606784259 0.085164324655551571 -0.22940722568162844
v -0.79212941357728983 0.430368288234519 -0.1182983386291149
v -0.72536776606784259 0.430368288234519 -0.22940722568162844
v -0.79213148849912507 0.430368288234519 -0.34051753924290351
v -0.72536569114600735 0.085164324655551571 -0.0071879602265324093
v -0.59576711077845079 0.085164324655551571 -0.0071865337177706998
v -0.59577022316120365 0.085164324655551571 -0.22940579917286671
v -0.52900650072992117 0.085164324655551571 -0.11829548561159148
v -0.72536569114600735 0.430368288234519 -0.0071879602265324093
v -0.59576711077845079 0.430368288234519 -0.0071865337177706998
v -0.52900650072992117 0.430368288234519 -0.11829548561159148
v -0.59577022316120365 0.430368288234519 -0.22940579917286671
v -0.92172488156209376 0.085164324655551571 0.10391956515852666
v -0.79212630119453697 0.085164324655551571 0.10392086198467369
v -0.92172488156209376 0.430368288234519 0.10391956515852666
v -0.79212630119453697 0.430368288234519 0.10392086198467369
v -0.7253625787632545 0.085164324655551571 0.21503124038725621
v -0.7253625787632545 0.430368288234519 0.21503124038725621
v -0.59576503585661578 0.430368288234519 0.21503266689601794
v -0.52900338834716853 0.430368288234519 0.10392371500219715
v -0.92172176917934068 0.085164324655551571 0.32613876577231532
v -0.79212422627270196 0.085164324655551571 0.32614006259846234
v -0.98848549161062316 0.085164324655551571 0.21502838736973282
v -0.92172176917934068 0.430368288234519 0.32613876577231532
v -0.98848549161062316 0.430368288234519 0.21502838736973282
v -0.79212422627270196 0.430368288234519 0.32614006259846234
v -1.1180830345172619 0.085164324655551571 0.21502696086097109
v -1.1180830345172619 0.430368288234519 0.21502696086097109
v -1.1180809595954269 0.085164324655551571 0.43724616147475964
v -0.98848341668878792 0.085164324655551571 0.43724758798352137
v -1.1848446820267091 0.085164324655551571 0.32613591275479187
v -1.1180809595954269 0.430368288234519 0.43724616147475964
v -1.1848446820267091 0.430368288234519 0.32613591275479187
v -0.98848341668878792 0.430368288234519 0.43724758798352137
v -1.3144422249333481 0.085164324655551571 0.32613448624603014
v -1.3812059473646303 0.085164324655551571 0.21502410784344764
v -1.3144422249333481 0.430368288234519 0.32613448624603014
v -1.3812059473646303 0.430368288234519 0.21502410784344764
v -0.72537087845059545 0.085164324655551571 -0.45162642629541705
v -0.59577229808303911 0.085164324655551571 -0.45162499978665538
v -0.79213460088187793 0.085164324655551571 -0.56273673985669215
v -0.72537295337243068 0.085164324655551571 -0.67384562690920569
v -0.59577541046579174 0.085164324655551571 -0.6738442004004439
v -0.52901168803450926 0.085164324655551571 -0.5627338868391687
v -0.72537087845059545 0.38105342645268125 -0.45162642629541705
v -0.79213460088187793 0.38105342645268125 -0.56273673985669215
v -0.59577229808303911 0.38105342645268125 -0.45162499978665538
v -0.52901168803450926 0.38105342645268125 -0.5627338868391687
v -0.59577541046579174 0.38105342645268125 -0.6738442004004439
v -0.72537295337243068 0.38105342645268125 -0.67384562690920569
v -0.52900857565175663 0.085164324655551571 -0.34051468622538011
v -0.72536776606784259 0.38105342645268125 -0.22940722568162844
v -0.79213148849912507 0.38105342645268125 -0.34051753924290351
v -0.59577022316120365 0.38105342645268125 -0.22940579917286671
v -0.52900857565175663 0.38105342645268125 -0.34051468622538011
v -0.92173214378851687 0.085164324655551571 -0.56273810152414661
v -0.92173006886668163 0.38105342645268125 -0.34051890091035791
v -0.98849379129796389 0.38105342645268125 -0.4516292793129405
v -0.92173214378851687 0.38105342645268125 -0.56273810152414661
v -1.1848550566358858 0.085164324655551571 -0.56274095454167006
v -1.1180934091264381 0.085164324655551571 -0.6738498415941836
v -0.98849586621979912 0.085164324655551571 -0.67384847992672903
v -1.1180913342046028 0.38105342645268125 -0.4516306409803949
v -1.1848550566358858 0.38105342645268125 -0.56274095454167006
v -0.98849586621979912 0.38105342645268125 -0.67384847992672903
v -1.1180934091264381 0.38105342645268125 -0.6738498415941836
v -0.92173525617126972 0.085164324655551571 -0.78495733455858896
v -0.79213667580371316 0.085164324655551571 -0.78495594047048078
v -0.79213667580371316 0.38105342645268125 -0.78495594047048078
v -0.92173525617126972 0.38105342645268125 -0.78495733455858896
v -0.72537606575518376 0.085164324655551571 -0.8960648275229941
v -0.59577748538762698 0.085164324655551571 -0.89606343343488615
v -0.5290137629563445 0.085164324655551571 -0.78495311987361094
v -0.5290137629563445 0.38105342645268125 -0.78495311987361094
v -0.59577748538762698 0.38105342645268125 -0.89606343343488615
v -0.72537606575518376 0.38105342645268125 -0.8960648275229941
v -0.98849897860255198 0.085164324655551571 -0.89606768054051755
v -0.92173733109310496 0.085164324655551571 -1.0071765513827042
v -0.79213978818646602 0.085164324655551571 -1.0071751572945964
v -0.98849897860255198 0.38105342645268125 -0.89606768054051755
v -0.79213978818646602 0.38105342645268125 -1.0071751572945964
v -0.92173733109310496 0.38105342645268125 -1.0071765513827042
v -0.72536050384141926 0.085164324655551571 0.43725044100104477
v -0.5957619234738627 0.085164324655551571 0.43725186750980666
v -0.72536050384141926 0.38105342645268125 0.43725044100104477
v -0.79212422627270196 0.38105342645268125 0.32614006259846234
v -0.5957619234738627 0.38105342645268125 0.43725186750980666
v -0.5290013134253333 0.38105342645268125 0.3261429156159858
v -0.59576503585661578 0.38105342645268125 0.21503266689601794
v -0.7253625787632545 0.38105342645268125 0.21503124038725621
v -1.118077847212674 0.085164324655551571 0.65946536208854845
v -0.98848030430603506 0.085164324655551571 0.65946678859731001
v -1.1848426071048739 0.085164324655551571 0.54835511336858056
v -0.92171969425750544 0.085164324655551571 0.54835796638610401
v -1.118077847212674 0.38105342645268125 0.65946536208854845
v -1.1848426071048739 0.38105342645268125 0.54835511336858056
v -0.98848030430603506 0.38105342645268125 0.65946678859731001
v -0.92171969425750544 0.38105342645268125 0.54835796638610401
v -0.98848341668878792 0.38105342645268125 0.43724758798352137
v -1.1180809595954269 0.38105342645268125 0.43724616147475964
v -0.79212111388994888 0.085164324655551571 0.54835926321225104
v -0.79212111388994888 0.38105342645268125 0.54835926321225104
v -0.92172176917934068 0.38105342645268125 0.32613876577231532
v -0.7253573914586664 0.085164324655551571 0.65946964161483346
v -0.59575984855202768 0.085164324655551571 0.65947106812359535
v -0.52899820104258044 0.085164324655551571 0.54836211622977449
v -0.7253573914586664 0.38105342645268125 0.65946964161483346
v -0.59575984855202768 0.38105342645268125 0.65947106812359535
v -0.52899820104258044 0.38105342645268125 0.54836211622977449
v -0.9217165818747528 0.085164324655551571 0.77057716699989265
v -0.79211903896811364 0.085164324655551571 0.77057859350865432
v -0.9217165818747528 0.38105342645268125 0.77057716699989265
v -0.79211903896811364 0.38105342645268125 0.77057859350865432
v -0.72535531653683116 0.085164324655551571 0.88168884222862209
v -0.59575673616927483 0.085164324655551571 0.88169026873738388
v -0.5289961261207452 0.085164324655551571 0.77058131684356312
v -0.72535531653683116 0.38105342645268125 0.88168884222862209
v -0.59575673616927483 0.38105342645268125 0.88169026873738388
v -0.5289961261207452 0.38105342645268125 0.77058131684356312
v -0.92171450695291735 0.085164324655551571 0.99279623793106653
v -0.79211592658536101 0.085164324655551571 0.99279779412244284
v -0.98847822938419982 0.085164324655551571 0.88168598921109886
v -0.92171450695291735 0.38105342645268125 0.99279623793106653
v -0.98847822938419982 0.38105342645268125 0.88168598921109886
v -0.79211592658536101 0.38105342645268125 0.99279779412244284
v -0.72537814067701878 0.085164324655551571 -1.11828404434711
v -0.59578059777037984 0.085164324655551571 -1.1182826502590015
v -0.52901687533909758 0.085164324655551571 -1.0071723204873995
v -0.72537606575518376 0.33173856467085061 -0.8960648275229941
v -0.79213978818646602 0.33173856467085061 -1.0071751572945964
v -0.59577748538762698 0.33173856467085061 -0.89606343343488615
v -0.52901687533909758 0.33173856467085061 -1.0071723204873995
v -0.59578059777037984 0.33173856467085061 -1.1182826502590015
v -0.72537814067701878 0.33173856467085061 -1.11828404434711
v -0.72535220415407853 0.085164324655551571 1.1039080428424108
v -0.59575466124743937 0.085164324655551571 1.1039095990337873
v -0.52899301373799235 0.085164324655551571 0.99280064713996641
v -0.72535220415407853 0.33173856467085061 1.1039080428424108
v -0.79211592658536101 0.33173856467085061 0.99279779412244284
v -0.59575466124743937 0.33173856467085061 1.1039095990337873
v -0.52899301373799235 0.33173856467085061 0.99280064713996641
v -0.59575673616927483 0.33173856467085061 0.88169026873738388
v -0.72535531653683116 0.33173856467085061 0.88168884222862209
v -0.33262967347823574 0.085164324655551571 1.3261316526650992
v -0.20303109311067929 0.085164324655551571 1.3261329494912462
v -0.39939339590951822 0.085164324655551571 1.215021144579902
v -0.33263174840007104 0.085164324655551571 1.1039121926860813
v -0.20303420549343204 0.085164324655551571 1.1039137488774575
v -0.13627048306214981 0.085164324655551571 1.2150239975974257
v -0.33262967347823574 0.28242371909933484 1.3261316526650992
v -0.39939339590951822 0.28242371909933484 1.215021144579902
v -0.20303109311067929 0.28242371909933484 1.3261329494912462
v -0.13627048306214981 0.28242371909933484 1.2150239975974257
v -0.20303420549343204 0.28242371909933484 1.1039137488774575
v -0.33263174840007104 0.28242371909933484 1.1039121926860813
v -0.33265768492301134 0.085164324655551571 -1.118279813451805
v -0.20306014201637262 0.085164324655551571 -1.118278419363697
v -0.39942140735429382 0.085164324655551571 -1.2293901351182437
v -0.33265975984484669 0.085164324655551571 -1.3404990221707571
v -0.20306221693820764 0.085164324655551571 -1.3404976199774856
v -0.13629849450692544 0.085164324655551571 -1.229387298311047
v -0.33265768492301134 0.28242371909933484 -1.118279813451805
v -0.39942140735429382 0.28242371909933484 -1.2293901351182437
v -0.20306014201637262 0.28242371909933484 -1.118278419363697
v -0.13629849450692544 0.28242371909933484 -1.229387298311047
v -0.20306221693820764 0.28242371909933484 -1.3404976199774856
v -0.33265975984484669 0.28242371909933484 -1.3404990221707571
v -0.39941933243245853 0.085164324655551571 -1.0071709263992916
v -0.52901895026093282 0.085164324655551571 -1.2293915332589334
v -0.39941933243245853 0.33173856467085061 -1.0071709263992916
v -0.33265768492301134 0.33173856467085061 -1.118279813451805
v -0.39942140735429382 0.33173856467085061 -1.2293901351182437
v -0.52901895026093282 0.33173856467085061 -1.2293915332589334
v -0.33265457254025865 0.085164324655551571 -0.89606061283801641
v -0.20305702963361966 0.085164324655551571 -0.89605918632925463
v -0.13629641958509014 0.085164324655551571 -1.0071680895920949
v -0.33265457254025865 0.33173856467085061 -0.89606061283801641
v -0.20305702963361966 0.33173856467085061 -0.89605918632925463
v -0.13629641958509014 0.33173856467085061 -1.0071680895920949
v -0.20306014201637262 0.33173856467085061 -1.118278419363697
v -0.39941622004970556 0.085164324655551571 -0.7849517257855031
v -0.5290137629563445 0.33173856467085061 -0.78495311987361094
v -0.39941622004970556 0.33173856467085061 -0.7849517257855031
v -0.33265249761842336 0.085164324655551571 -0.67384141222422789
v -0.20305495471178431 0.085164324655551571 -0.67383998571546599
v -0.13629330720233718 0.085164324655551571 -0.78494887276797953
v -0.33265249761842336 0.33173856467085061 -0.67384141222422789
v -0.20305495471178431 0.33173856467085061 -0.67383998571546599
v -0.13629330720233718 0.33173856467085061 -0.78494887276797953
v -0.39941414512787049 0.085164324655551571 -0.56273252517171446
v -0.52901168803450926 0.33173856467085061 -0.5627338868391687
v -0.59577541046579174 0.33173856467085061 -0.6738442004004439
v -0.39941414512787049 0.33173856467085061 -0.56273252517171446
v -0.33264938523567039 0.085164324655551571 -0.45162214676913193
v -0.20305184232903162 0.085164324655551571 -0.45162078510167752
v -0.13629123228050213 0.085164324655551571 -0.5627296721541909
v -0.33264938523567039 0.33173856467085061 -0.45162214676913193
v -0.20305184232903162 0.33173856467085061 -0.45162078510167752
v -0.13629123228050213 0.33173856467085061 -0.5627296721541909
v -0.39941103274511752 0.085164324655551571 -0.34051325971661839
v -0.52900857565175663 0.33173856467085061 -0.34051468622538011
v -0.59577229808303911 0.33173856467085061 -0.45162499978665538
v -0.39941103274511752 0.33173856467085061 -0.34051325971661839
v -0.3994006581359415 0.085164324655551571 0.54836354273853616
v -0.52899820104258044 0.33173856467085061 0.54836211622977449
v -0.5957619234738627 0.33173856467085061 0.43725186750980666
v -0.3994006581359415 0.33173856467085061 0.54836354273853616
v -0.33264004808741204 0.33173856467085061 0.43725472052733005
v -0.39940377051869425 0.33173856467085061 0.32614434212474752
v -0.5290013134253333 0.33173856467085061 0.3261429156159858
v -0.33263693570465902 0.085164324655551571 0.65947392114111869
v -0.2030393927980203 0.085164324655551571 0.65947534764988047
v -0.33263693570465902 0.33173856467085061 0.65947392114111869
v -0.2030393927980203 0.33173856467085061 0.65947534764988047
v -0.13627774528857314 0.33173856467085061 0.54836639575605961
v -0.20304146771985532 0.33173856467085061 0.43725601735347697
v -0.39939858321410621 0.085164324655551571 0.77058274335232468
v -0.5289961261207452 0.33173856467085061 0.77058131684356312
v -0.59575984855202768 0.33173856467085061 0.65947106812359535
v -0.39939858321410621 0.33173856467085061 0.77058274335232468
v -0.33263486078282373 0.085164324655551571 0.88169312175490722
v -0.20303628041526733 0.085164324655551571 0.881694548263669
v -0.13627567036673782 0.085164324655551571 0.77058559636984825
v -0.33263486078282373 0.33173856467085061 0.88169312175490722
v -0.20303628041526733 0.33173856467085061 0.881694548263669
v -0.13627567036673782 0.33173856467085061 0.77058559636984825
v -0.39939547083135352 0.085164324655551571 0.99280194396611332
v -0.39939547083135352 0.33173856467085061 0.99280194396611332
v -0.13627255798398485 0.085164324655551571 0.99280479698363688
v -0.33263174840007104 0.33173856467085061 1.1039121926860813
v -0.20303420549343204 0.33173856467085061 1.1039137488774575
v -0.13627255798398485 0.33173856467085061 0.99280479698363688
v -0.52899093881615733 0.085164324655551571 1.215019847753755
v -0.52899093881615733 0.33173856467085061 1.215019847753755
v -0.39939339590951822 0.33173856467085061 1.215021144579902
v 0.06009389465852439 0.085164324655551571 1.5483550031225581
v 0.18969143756516341 0.085164324655551571 1.5483562999487051
v -0.0066698277727580829 0.085164324655551571 1.4372447544025906
v 0.060091819736689076 0.085164324655551571 1.3261358025087697
v 0.18968936264332809 0.085164324655551571 1.3261370993349166
v 0.25645308507461057 0.085164324655551571 1.4372476074201139
v 0.06009389465852439 0.23310887352782617 1.5483550031225581
v -0.0066698277727580829 0.23310887352782617 1.4372447544025906
v 0.18969143756516341 0.23310887352782617 1.5483562999487051
v 0.25645308507461057 0.23310887352782617 1.4372476074201139
v 0.18968936264332809 0.23310887352782617 1.3261370993349166
v 0.060091819736689076 0.23310887352782617 1.3261358025087697
v -0.0067009516002864283 0.085164324655551571 -1.2293859001703573
v -0.13630160688967816 0.085164324655551571 -1.4516065070299988
v -0.0067030265221214719 0.085164324655551571 -1.451605112941891
v 0.06006069590916073 0.085164324655551571 -1.3404947831702891
v -0.0067009516002864283 0.28242371909933484 -1.2293859001703573
v 0.06006069590916073 0.28242371909933484 -1.3404947831702891
v -0.0067030265221214719 0.28242371909933484 -1.451605112941891
v -0.13630160688967816 0.28242371909933484 -1.4516065070299988
v 0.060062770830996051 0.085164324655551571 -1.1182755663461736
v 0.18966135119855246 0.085164324655551571 -1.1182741722580656
v 0.18965823881579974 0.085164324655551571 -1.3404933890821809
v 0.25642196124708194 0.085164324655551571 -1.229383059310579
v 0.060062770830996051 0.28242371909933484 -1.1182755663461736
v 0.18966135119855246 0.28242371909933484 -1.1182741722580656
v 0.25642196124708194 0.28242371909933484 -1.229383059310579
v 0.18965823881579974 0.28242371909933484 -1.3404933890821809
v -0.0066978392175337381 0.085164324655551571 -1.0071666792936602
v -0.13629641958509014 0.28242371909933484 -1.0071680895920949
v -0.0066978392175337381 0.28242371909933484 -1.0071666792936602
v 0.060065883213748741 0.085164324655551571 -0.89605636573238501
v 0.1896634261203875 0.085164324655551571 -0.89605497164427694
v 0.25642507362983491 0.085164324655551571 -1.0071638424864635
v 0.060065883213748741 0.28242371909933484 -0.89605636573238501
v 0.1896634261203875 0.28242371909933484 -0.89605497164427694
v 0.25642507362983491 0.28242371909933484 -1.0071638424864635
v -0.006695764295698417 0.085164324655551571 -0.78494747867987158
v -0.13629330720233718 0.28242371909933484 -0.78494887276797953
v -0.20305702963361966 0.28242371909933484 -0.89605918632925463
v -0.006695764295698417 0.28242371909933484 -0.78494747867987158
v 0.060067958135584062 0.085164324655551571 -0.67383713269794265
v 0.18966653850314047 0.085164324655551571 -0.67383577103048831
v 0.25642714855167026 0.085164324655551571 -0.78494462566234802
v 0.060067958135584062 0.28242371909933484 -0.67383713269794265
v 0.18966653850314047 0.28242371909933484 -0.67383577103048831
v 0.25642714855167026 0.28242371909933484 -0.78494462566234802
v -0.0066926519129454493 0.085164324655551571 -0.56272824564542923
v -0.13629123228050213 0.28242371909933484 -0.5627296721541909
v -0.20305495471178431 0.28242371909933484 -0.67383998571546599
v -0.0066926519129454493 0.28242371909933484 -0.56272824564542923
v -0.0066770899991814153 0.085164324655551571 0.77058702287860992
v -0.13627567036673782 0.28242371909933484 0.77058559636984825
v -0.2030393927980203 0.28242371909933484 0.65947534764988047
v -0.0066770899991814153 0.28242371909933484 0.77058702287860992
v 0.060083520049348096 0.28242371909933484 0.65947807098478928
v -0.0066802023819341055 0.28242371909933484 0.54836782226482128
v -0.13627774528857314 0.28242371909933484 0.54836639575605961
v 0.060086632432101064 0.085164324655551571 0.88169740128119256
v 0.1896841753387401 0.085164324655551571 0.88169869810733947
v 0.25644582284818729 0.085164324655551571 0.77058987589613337
v 0.060086632432101064 0.28242371909933484 0.88169740128119256
v 0.1896841753387401 0.28242371909933484 0.88169869810733947
v 0.25644582284818729 0.28242371909933484 0.77058987589613337
v 0.18968106295598713 0.28242371909933484 0.65947949749355095
v -0.0066750150773460942 0.085164324655551571 0.99280609380978391
v -0.13627255798398485 0.28242371909933484 0.99280479698363688
v -0.20303628041526733 0.28242371909933484 0.881694548263669
v -0.0066750150773460942 0.28242371909933484 0.99280609380978391
v 0.060088707353936378 0.085164324655551571 1.1039166018949811
v 0.1896862502605754 0.085164324655551571 1.103917898721128
